6077.00	-10368.76	732092.782338	1151502.301676
5166.53	-10176.38	731178.4382934	1151687.2454772
5402.93	-10041.07	731420.9774907	1151825.5131782
5968.26	-10176.72	731983.3004644	1151694.0828741
5806.84	-10219.76	731816.7790721	1151653.0268151
5422.57	-10083.86	731426.9569061	1151782.4668293
5234.09	-9985.94	731251.7810698	1151880.2136727
4472.72	-9156.53	730486.29		1152706.89
6340.83 -10659.00   732359.2103423  1151210.5872874
5066	-10085		731083			1151784
5181	-10155		731196			1151711
5551	-10032		731570			1151836
5733	-10275		731748			1151598
5930	-10608		731951			1151261
5909	-10342		731934			1151528
6463	-10404		732479			1151471
6164	-10254		732180			1151619
5939	-10120		731960			1151753
5065.13 -11773.28   731088.3944376  1150087.1778646
6588.60 -10558.20   732600.3461347  1151314.6986212
6814.29 -8898.66    732810.973692   1152968.505062
6605.39 -10047.40   732622.919793   1151821.614364
6920.95 -10709.84   732947.786875   1151166.007674
6706.57 -8536.52    732707.1250327  1153334.3706865