# para arcgis รณ para grass
-2508.22971	-3586.3943	723464.772639	1158232.661996
2156.075374	-2894.377938	728121.863401	1158957.191647
2723.311827	-1790.681888	728684.982023	1160060.587345
1183.593244	-732.267485	727135.355325	1161107.063315
-2893.977047	-1615.162475	723069.660859	1160202.992306
-5515.788426	98.414707	720435.334778	1161891.834956
-5323.890786	487.825272	720624.62549	1162286.582726
15347.36571	-561.952463	741304.482538	1161367.889673
-2618.367391	474.264645	723332.154848	1162291.988412
-1436.369771	1000.024254	724502.367845	1162825.139093
-125.702044	686.020289	725819.786551	1162519.174815
812.568399	1073.691094	726757.362074	1162912.288607
2836.472501	-44.269586	728788.188981	1161808.699282
-2103.624009	1789.452457	723833.47814	1163609.787587
-3447.926337	1577.736447	722487.427857	1163392.081959
-3504.097149	1596.178088	722430.907561	1163407.829812
-4938.406929	2710.481689	721002.234716	1164506.299946
-141.833842	2348.271239	725789.808474	1164179.48832
1112.530909	1796.022012	727048.461226	1163637.98808
2586.856185	1563.6562	728525.589039	1163415.964916
4651.931214	1190.204572	730594.31827	1163055.77888
4673.31271	-38.997702	730623.317425	1161827.580213
5809.307061	-645.592925	731764.928915	1161226.7078
14425.972194	-624.352316	740381.866774	1161300.541594
7422.626	-953.761871	733379.011565	1160925.094174
13934.572838	-403.376391	739888.853691	1161518.792856
12643.327135	-7751.541984	738644.777718	1154160.66575
12361.518385	-7531.4295	738363.920541	1154382.878159
12692.704867	-7953.189754	738694.89587	1153958.976175
11415.490003	-5184.667605	737399.640067	1156719.129284
15381.312473	-8847.037694	741387.186752	1153085.610404
15255.716012	-8701.537268	741266.445945	1153236.925721
13143.885444	-284.371201	739096.251863	1161632.280364
15000.407812	-5396.374736	741001.291328	1156531.61615
15338.614719	-5492.461205	741323.359959	1156437.414262
19268.084846	-5689.168321	745252.046569	1156273.523084
14223.265781	-4183.651883	740203.275884	1157741.743113
11309.441819	446.314793	737258.823609	1162351.741101
11300.598648	-892.290714	737257.086497	1161012.200607
11105.973388	-857.679521	737059.893339	1161045.8908
12757.569232	-1228.063787	738717.974393	1160684.964999
14184.327031	-1886.439336	740153.187309	1160035.547667
14069.43942	-1894.564204	740033.761109	1160028.80212
14902.234844	-2745.307706	740873.610368	1159181.241866
15047.65341	-2727.234017	741017.666352	1159200.451942
-618.504353	-2354.510968	725347.44793	1159473.666871
-2394.595195	-7440.627371	723604.552424	1154377.826522
290.050733	-7245.534283	726287.178628	1154586.381703
3328.580311	-4279.184653	729306.23918	1157577.314553
-14449.276083	-2473.333102	711503.323546	1159259.397303
-14703.76505	-2003.035548	711246.814731	1159733.422909
-11302.893035	-5136.683463	714661.890881	1156623.335516
-10799.339194	-8519.336758	715210.839885	1153243.42541
-5877.809942	-7218.591055	720119.84636	1154574.738062
-5588.715029	-4866.922429	720393.464268	1156932.592415
14120.931949	-9962.969951	740137.742151	1151959.887966
12447.550865	-9627.926641	738459.797725	1152284.850711
11525.535095	-1878.16449	737489.321899	1160029.804321
10744.80072	-1841.879272	736708.298706	1160060.94812
11666.646301	-2091.598877	737631.819885	1159817.407288
12429.294312	-2454.325989	738397.195679	1159459.525085
11876.505493	-3010.874573	737847.940125	1158899.290283
10656.961487	-2466.886414	736624.34491	1159435.192078
7125.258118	-1991.526978	733088.97168	1159887.588501
6485.883911	-1265.921997	732444.759705	1160609.273071
5621.537903	-1200.508484	731579.897522	1160668.98468
6344.122314	-1826.673828	732306.348511	1160047.346313
5510.405518	-1709.924683	731472.082275	1160158.739502
5769.467712	-2313.218872	731739.99707	1159541.32312
6589.243896	-2490.514893	732556.173279	1159385.031128
5914.539124	-2723.9245	731882.756897	1159147.304688
5489.678894	-3307.574707	731463.428284	1158561.0495
4944.106873	-3756.057678	730919.021118	1158108.650879
5466.370728	-3905.832703	731442.468323	1157961.962891
6659.625305	-4017.435486	732636.681885	1157858.177917
6515.145325	-3358.934998	732487.66571	1158515.973328
7255.528687	-3865.230286	733231.576904	1158014.57312
9421.99292	-3406.033386	735395.292114	1158487.9245
10278.233887	-3501.117798	736252.666687	1158398.483093
10904.531311	-3572.517883	736879.43512	1158331.18988
13390.543518	-4875.906311	739374.8573	1157044.14032
12557.343079	-4525.649902	738539.193909	1157388.888489
12447.593323	-3276.809875	738420.931885	1158637.048096
11786.526917	-4259.068604	737766.280884	1157650.415894
10067.332703	-4326.873413	736047.003296	1157571.317688
8970.125671	-4470.367371	734950.366699	1157420.484924
7851.970093	-4580.702393	733833.107117	1157302.89209
6944.043274	-4735.534302	732925.735474	1157142.081726
5739.455505	-4680.348816	731721.080505	1157191.045288
4818.105713	-4820.231384	730801.527527	1157043.278076
4749.542297	-5599.532593	730736.117676	1156264.295288
5774.588501	-5698.976013	731762.422729	1156169.57373
6618.873718	-5684.545227	732606.680908	1156190.773315
7688.89032	-5497.920898	733675.758728	1156384.546509
8747.557678	-5226.221985	734732.923706	1156662.922729
9967.276489	-5260.997375	735953.179504	1156636.635071
11759.484497	-5728.191528	737749.335876	1156181.179077
13436.11853	-5828.473083	739426.793091	1156091.648499
10187.539307	-6196.61731	736179.084717	1155702.360291
7372.334473	-6417.328613	733365.078674	1155463.026306
6704.496887	-6374.590576	732697.263306	1155501.548889
5908.949707	-6295.474487	731900.594116	1155575.004089
5176.775513	-6564.155579	731169.86853	1155301.639282
4534.446106	-6403.578491	730525.734131	1155459.450684
4992.681519	-7247.146118	730990.841492	1154617.939087
5671.264282	-7014.147705	731669.319092	1154851.297485
6233.114685	-7053.551392	732229.786316	1154819.293091
7225.71991	-6987.912903	733222.414124	1154891.681519
8157.606079	-6436.737183	734151.239929	1155448.909302
9007.013916	-6432.218506	735000.87793	1155459.216492
9887.81012	-7119.24939	735885.813904	1154777.732117
10704.77533	-7465.183777	736705.450684	1154437.379272
9287.161072	-8150.804993	735292.238281	1153742.093079
8825.539307	-7365.860779	734825.257324	1154523.718506
7968.878113	-7622.886108	733969.921082	1154261.379272
6997.867493	-7746.994019	732999.132507	1154131.133728
6293.762878	-7896.15387	732295.693726	1153976.671082
5353.400696	-7880.043091	731355.238525	1153986.977478
4150.27948	-7973.834106	730152.546509	1153885.331116
5619.343079	-9023.823486	731628.976501	1152844.814514
6714.938477	-8543.72998	732721.490112	1153331.929504
7537.307678	-8459.154907	733543.487488	1153422.201294
8400.4225	-8134.437	734404.286601	1153752.3414
9315.5854	-8552.9963	735322.3995	1153339.5279
10697.3027	-9393.9953	736710.811	1152507.9092
9235.4173	-9582.5129	735249.9194	1152310.1028
8584.745301	-9287.5309	734597.009301	1152601.183
7796.4571	-10023.3807	733813.136	1151859.7781
7598.4354	-9537.4952	733611.8321	1152344.4058
6492.4775	-9524.763499	732505.5177	1152349.7353
4519.181901	-9222.569899	730529.1623	1152638.5546
6061.754	-10126.5658	732078.7867	1151745.261
5177.9551	-9968.2232	731193.5555	1151897.604501
5018.2668	-10901.5202	731039.9137	1150963.1174
6530.5773	-10661.7561	732550.7447	1151212.2955
7409.4983	-10692.0993	733430.7176	1151188.4485
8578.8622	-10368.6232	734597.6514	1151519.7172
9725.9629	-9974.7541	735743.1659	1151921.235201
9601.9014	-10625.2007	735622.9778	1151270.113801
10117.2845	-12752.6061	736153.1401	1149146.4789
9568.1351	-11747.3557	735596.998001	1150147.839201
7733.3226	-11822.6642	733761.5372	1150060.2643
6953.570201	-11669.5446	732980.8296	1150208.136801
5033.5071	-11793.3949	731060.8492	1150071.519901
5222.4737	-13363.5718	731260.6521	1148503.1233
8495.202	-12921.9162	734531.483801	1148966.038401
8996.053301	-13191.8064	735034.4361	1148699.5502
11391.4015	-13526.2512	737433.372101	1148381.8578
13155.988	-13284.2036	739197.0746	1148634.569301
15740.9208	-15626.109	741833.0033	1146354.5115
14396.634	-15868.1831	740443.312101	1146093.6205
12215.6517	-15971.5237	738274.2118	1145941.7601
10898.6868	-15381.9893	736952.4789	1146523.2482
10377.7375	-14746.1894	736426.9562	1147154.4842
8878.9485	-15517.128799	734931.8365	1146373.2543
7384.360	-14886.3213	733433.3871	1146994.6011
5215.7903	-14896.8601	731263.6321	1146969.7397
5698.8589	-15865.3119	731753.392	1146004.538401
8083.2521	709.9910	734028.5248	1162595.3747
8352.4332	897.6257	734294.465	1162784.2728
9042.6445	981.6095	734985.8611	1162876.9794
8977.0309	488.456301	734925.2831	1162373.6387
9366.4413	905.8354	735312.2278	1162804.2165
9414.2148	414.4139	735357.5038	1162309.7933
9849.5522	758.6305	735795.1003	1162654.9435
9710.933	125.5646	735658.0984	1162016.9778
10398.0525	895.8578	736343.1465	1162798.7579
10498.9911	695.9855	736447.951	1162595.965
10224.943201	-90.4435	736176.9816	1161812.1089
9644.636	-314.6894	735595.9988	1161583.334001
8935.5591	-124.107799	734889.3398	1161769.9286
8219.3699	322.0541	734170.579001	1162210.5113
7751.869401	-401.861	733701.1116	1161485.326301
8362.3429	-606.3999	734319.8296	1161273.4145
9074.3177	-535.209799	735028.7201	1161357.751
10160.9214	-609.8958	736118.8666	1161289.1858
9412.5942	-786.874499	735367.6559	1161103.8453
8728.326301	-1064.7337	734680.9977	1160821.8179
8016.931901	-1024.4493	733974.0989	1160858.0353
7413.591201	-929.7907	733372.6559	1160953.2422
8090.608	-1406.9057	734051.3841	1160480.742401
8750.4147	-1420.7234	734712.056901	1160473.6269
10043.5845	-1593.3296	736006.5579	1160307.0671
9226.845701	-2147.801	735197.2293	1159746.611301
8250.0197	-1769.8498	734211.1707	1160119.4043
8180.1235	-1391.399099	734137.8363	1160497.4905
7275.9939	-1449.5705	733234.5047	1160428.2071
7761.5155	-2001.3423	733725.3433	1159881.9571
7648.5865	-1896.1652	733611.9331	1159986.3265
7292.1953	-2370.9666	733258.2947	1159509.1711
7308.828101	-2818.4971	733278.1687	1159061.3125
8052.5585	-3089.7551	734023.6215	1158795.3147
8483.8623	-2992.8552	734454.4085	1158895.0627
9086.468901	-2800.3439	735055.8127	1159091.534101
8956.097301	-2330.1765	734922.2899	1159560.963501
8657.4325	-2313.621799	734623.5239	1159575.519901
8128.1285	-2073.106899	734092.5943	1159812.588501
7784.8573	-1926.6034	733748.2511	1159956.8889